25-dimensional vector (row-major order):


255 → White Pixel 
000 → Black Pixel (Chiclet)

→ After normalize()
    255   → 1  → 1.0
    000   → 0  → 0.0

****************************************
center_chiclet.ppm
****************************************

[255, 255, 255, 255, 255,
 255, 255, 255, 255, 255, 
 255, 255, 000, 255, 255, 
 255, 255, 255, 255, 255, 
 255, 255, 255, 255, 255]

[1, 1, 1, 1, 1,
 1, 1, 1, 1, 1,
 1, 1, 0, 1, 1,
 1, 1, 1, 1, 1,
 1, 1, 1, 1, 1]

[1.0, 1.0, 1.0, 1.0, 1.0, -> Future
 1.0, 1.0, 1.0, 1.0, 1.0,
 1.0, 1.0, 0.0, 1.0, 1.0,
 1.0, 1.0, 1.0, 1.0, 1.0,
 1.0, 1.0, 1.0, 1.0, 1.0]


***************************************
bottom_right_chiclet.ppm
***************************************

[255, 255, 255, 255, 255,
 255, 255, 255, 255, 255, 
 255, 255, 255, 255, 255, 
 255, 255, 255, 255, 255, 
 255, 255, 255, 255,   0]

[1, 1, 1, 1, 1,
 1, 1, 1, 1, 1,
 1, 1, 1, 1, 1,
 1, 1, 1, 1, 1,
 1, 1, 1, 1, 0]


[1.0, 1.0, 1.0, 1.0, 1.0, -> Future
 1.0, 1.0, 1.0, 1.0, 1.0,
 1.0, 1.0, 0.0, 1.0, 1.0,
 1.0, 1.0, 1.0, 1.0, 1.0,
 1.0, 1.0, 1.0, 1.0, 0.0]


***************************************
top_left_chiclet.ppm
***************************************

[000, 255, 255, 255, 255,
 255, 255, 255, 255, 255, 
 255, 255, 255, 255, 255, 
 255, 255, 255, 255, 255, 
 255, 255, 255, 255, 255]

[0, 1, 1, 1, 1,
 1, 1, 1, 1, 1,
 1, 1, 1, 1, 1,
 1, 1, 1, 1, 1,
 1, 1, 1, 1, 1]


[0.0, 1.0, 1.0, 1.0, 1.0, -> Future
 1.0, 1.0, 1.0, 1.0, 1.0,
 1.0, 1.0, 0.0, 1.0, 1.0,
 1.0, 1.0, 1.0, 1.0, 1.0,
 1.0, 1.0, 1.0, 1.0, 1.0]
